HV00817 9.819166666666668 -72.03277777777778 18.9 12.094 0.024 57.75592515359387
HV00824 11.721208333333335 -72.71438888888889 65.9367 10.27 0.029 56.96484365846422
HV00829 12.620083333333335 -72.75258333333333 84.3002 9.871 0.031 55.7645078405947
HV00834 13.427708333333333 -72.28711111111112 73.6206 10.139 0.022 57.68461148381295
HV00836 13.974 -71.53683333333333 9.4027 13.234 0.073 61.53392329075662
HV00837 13.983583333333332 -71.98413888888889 42.7469 11.042 0.039 61.03151324484922
HV00840 14.472124999999998 -72.4128888888889 33.0325 11.392 0.048 60.467788108465776
HV00843 14.62875 -72.45080555555556 14.7129 12.738 0.04 65.83883004152649
HV00847 15.261166666666666 -72.19844444444445 27.075 11.782 0.044 63.447464184182394
HV00854 16.690375000000003 -73.2731388888889 15.9614 12.518 0.039 62.787115681530935
HV00855 16.823083333333333 -73.22391666666667 32.955 11.56 0.04 65.23032977488612
HV00856 16.962916666666665 -71.52130555555556 12.1561 13.062 0.037 67.36991003519607
HV00857 16.939458333333334 -73.74180555555556 11.9832 12.847 0.092 60.44388080715691
HV00863 22.135833333333334 -73.79666666666667 28.9548 11.381 0.046 55.1429048682688
HV00865 25.134166666666665 -74.50694444444444 33.3267 11.167 0.048 54.8365693284435
HV01326 8.345916666666668 -73.38480555555556 13.7243 12.926 0.033 68.56595385242676
HV01328 8.22875 -73.82197222222221 15.8371 12.503 0.017 62.03339436944027
HV01333 9.014416666666666 -73.933 16.2943 12.711 0.032 69.56615661009413
HV01334 9.075458333333334 -73.77358333333333 9.4509 13.221 0.078 61.37377807833428
HV01335 9.232083333333334 -73.94111111111111 14.3807 12.898 0.029 69.81104732715409
HV01338 9.570708333333332 -73.81469444444444 8.4954 13.584 0.086 67.60461592328117
HV01342 9.890916666666667 -73.74841666666667 17.9427 12.511 0.012 67.61929065839699
HV01345 10.160874999999999 -73.22063888888889 13.4782 12.841 0.03 65.14972846210368
HV01351 10.266125 -73.52772222222222 13.0906 12.959 0.018 67.47356488743777
HV01363 10.488666666666667 -73.52344444444445 10.6805 13.237 0.061 67.03548495970735
HV01365 10.454458333333335 -73.72841666666667 12.4128 13.174 0.028 71.92281615080776
HV01372 10.801458333333334 -73.32549999999999 15.7729 12.852 0.042 72.6539309450623
HV01373 10.873583333333334 -73.00255555555556 13.7076 12.858 0.035 66.39859546275306
HV01382 10.947125000000002 -73.24075 10.8828 13.213 0.093 67.12633197587085
HV01400 11.361291666666666 -72.45313888888889 6.6482 13.69 0.063 60.363155568502755
HV01430 11.793458333333334 -72.96052777777778 23.9699 12.085 0.046 67.30313683808241
HV01438 11.981875 -73.03361111111111 13.6504 12.762 0.019 63.351678178353474
HV01442 11.9805 -73.31025 15.2881 12.654 0.024 64.96725898834953
HV01451 12.101125 -73.22583333333334 30.073 11.631 0.04 63.44106572475533
HV01478 12.376666666666667 -73.31833333333333 17.5307 12.684 0.038 72.11075941759839
HV01482 12.435833333333333 -73.13975 15.8221 12.601 0.03 64.85648974643203
HV01501 12.660750000000002 -72.95925 27.4122 11.869 0.048 66.58378836681047
HV01522 12.798583333333333 -73.19163888888889 22.151 12.138 0.042 65.45970962653688
HV01533 12.913833333333333 -73.02516666666666 16.4358 12.689 0.035 69.2597482511875
HV01543 12.954791666666665 -73.36541666666666 20.4539 12.346 0.042 68.3416053276301
HV01553 13.011166666666668 -73.22758333333333 12.5506 12.994 0.028 66.68635188374498
HV01560 13.143875000000001 -72.97016666666667 15.51 12.594 0.035 63.80173967088632
HV01610 13.620000000000001 -72.41088888888889 11.643 12.969 0.073 62.73098548111919
HV01630 13.742375000000001 -73.06547222222223 11.3986 12.993 0.091 62.54465781657584
HV01682 14.087083333333332 -73.38719444444445 12.1472 12.951 0.023 63.98168179673852
HV01689 14.117375 -72.44141666666667 6.8446 13.359 0.051 52.8362693937597
HV01695 14.156749999999999 -72.2858611111111 14.5919 12.588 0.03 61.109784432771306
HV01705 14.220041666666667 -72.86999999999999 10.7573 13.143 0.069 64.50037045756264
HV01744 14.436499999999999 -72.27358333333333 12.6236 12.791 0.025 60.96805609387014
HV01783 14.714166666666666 -71.90597222222223 8.1483 13.504 0.078 63.38660729029708
HV01787 14.77275 -72.06241666666666 16.1926 12.393 0.036 59.841177121909446
HV01835 15.139375000000001 -72.78925 16.2446 12.51 0.035 63.287917489589304
HV01855 15.248166666666666 -71.80313888888888 6.8399 13.709 0.078 62.04901565511923
HV01873 15.446375 -72.48625 12.9395 12.889 0.034 64.83355676767104
HV01877 15.45620833333333 -72.09594444444444 49.7299 10.831 0.034 61.20734589669174
HV01884 15.491249999999997 -72.19708333333334 18.109 12.302 0.035 61.79023155727161
HV01925 15.823625 -72.55127777777777 17.1993 12.28 0.018 59.117998519318796
HV01950 15.928 -71.87355555555555 7.9896 13.322 0.066 57.53731007980442
HV01954 16.001291666666663 -72.23330555555556 16.6917 12.147 0.016 54.51517081710694
HV01956 16.064541666666667 -72.75561111111111 208.7992 9.454 0.059 83.83101078089791
HV01967 16.102999999999998 -72.00955555555555 29.0804 11.626 0.04 61.905975082297346
HV01996 16.47295833333333 -72.84477777777778 14.2406 12.915 0.034 69.90575071112252
HV02017 16.575041666666667 -71.89163888888889 11.4092 12.905 0.103 60.09760069170511
HV02052 17.030416666666667 -73.05749999999999 12.5771 12.662 0.029 57.31161356331364
HV02060 16.988791666666668 -72.28158333333333 10.1839 12.828 0.051 53.80626177557553
HV02063 16.934541666666668 -71.79069444444444 11.1662 12.926 0.082 59.82394547896134
HV02064 17.048333333333332 -72.52175 33.6746 11.548 0.042 65.8040126381473
HV02088 17.120416666666667 -71.4153888888889 14.5801 12.762 0.042 66.17263739754638
HV02103 17.54741666666667 -73.17683333333333 8.9852 13.319 0.071 62.09727567404278
HV02189 18.3655 -72.47286111111111 13.4698 12.722 0.032 61.65007235392634
HV02195 18.616958333333333 -72.6648888888889 41.8188 10.994 0.027 58.83704864785315
HV02201 18.597833333333334 -71.96258333333334 11.2511 12.747 0.068 55.36688927959716
HV02202 18.82841666666667 -72.6956388888889 13.1904 12.595 0.029 57.34751015364698
HV02205 19.2425 -73.7196111111111 25.4266 11.876 0.048 63.55893594750127
HV02209 19.470916666666664 -73.62366666666667 22.65 11.788 0.018 56.541991117740636
HV02225 21.105833333333333 -74.28055555555555 13.1546 12.71 0.03 60.35790261952103
HV02227 21.554166666666667 -74.13447222222223 12.466 12.79 0.031 60.43586931694723
HV02229 21.76825 -73.81891666666667 10.4488 12.862 0.09 55.59128520799112
HV02230 22.03166666666667 -72.81444444444445 12.5275 12.67 0.025 57.37305143574844
HV02231 22.60625 -73.31138888888889 36.6909 11.234 0.029 60.26789053774543
HV10355 12.272541666666665 -73.06983333333334 10.0392 13.337 0.067 67.37882746777073
HV10366 16.22954166666667 -74.20805555555556 14.1372 12.591 0.018 59.92668875212279
HV11112 6.03 -73.9406388888889 6.6914 13.875 0.047 66.0133595042749
HV11116 11.264833333333334 -73.30777777777777 10.4855 13.324 0.078 68.93083547716252
HV11129 12.025916666666667 -72.87394444444443 24.4817 12.152 0.045 70.38855460241766
HV11157 13.23675 -71.91758333333334 68.9875 10.501 0.019 65.28223179341062
HV11182 14.391208333333331 -72.07030555555555 39.1953 11.343 0.033 66.19822064198618
HV11211 35.206250000000004 -73.08555555555554 21.39 11.786 0.046 54.39204290707572
HV12108 13.474416666666666 -72.45230555555555 15.612 12.495 0.024 61.223025606435485
HV12951 17.06325 -72.50319444444445 30.0116 11.735 0.034 66.46355783642088
HV00872 73.77654166666667 -67.47494444444445 29.82 11.32 0.005 54.66941806075449
HV00873 73.60108333333334 -70.9016388888889 34.426 10.872 0.006 48.90906904830428
HV00875 74.11620833333333 -69.38027777777778 30.338 11.094 0.003 49.82987174440597
HV00876 74.30245833333333 -67.38155555555555 22.716 11.558 0.006 50.95732548834318
HV00877 74.25675 -67.99527777777777 45.155 10.701 0.004 54.086827180286924
HV00878 74.46245833333333 -69.95836111111112 23.306 11.531 0.007 51.18817795387345
HV00879 74.52325 -69.45441666666667 36.84 10.923 0.007 52.36613653685687
HV00881 74.63558333333334 -70.34613888888889 35.74 10.945 0.007 51.84964500086199
HV00882 74.91975 -69.456 31.786 11.07 0.006 50.82511421114746
HV00883 75.03166666666667 -68.45005555555556 133.4 9.523 0.011 64.35066429682162
HV00885 75.467 -68.90408333333333 20.703 11.368 0.003 43.90977443570329
HV00886 75.78325 -66.23066666666666 23.983 11.346 0.006 47.90625249213447
HV00887 75.54204166666668 -69.53977777777777 14.486 12.113 0.004 48.86738904396862
HV00889 75.954875 -68.93361111111112 25.797 11.374 0.006 50.92482643254569
HV00891 76.06320833333332 -69.02636111111111 17.272 11.861 0.005 48.879971780928365
HV00892 76.08649999999999 -68.72811111111112 15.99 12.185 0.006 53.92431093452619
HV00893 76.50274999999999 -69.10427777777777 21.115 11.638 0.006 50.37552971324882
HV00899 76.78162499999999 -68.88836111111112 31.047 11.132 0.007 51.49005871600581
HV00900 76.69829166666666 -70.03697222222222 47.515 10.51 0.006 51.22954292276755
HV00901 76.92412499999999 -69.24627777777778 18.47 11.989 0.006 54.19858038320948
HV00902 76.832625 -70.45430555555556 26.34 11.269 0.006 49.193887943515286
HV00904 77.074375 -68.77947222222222 30.405 11.174 0.007 51.77537333423251
HV00909 77.33308333333335 -70.4575 37.566 10.795 0.005 50.00972008271451
HV00911 77.64916666666667 -69.13805555555557 13.915 12.29 0.005 51.626311666195164
HV00914 78.19495833333333 -69.10230555555555 6.879 13.122 0.011 47.53042904835482
HV00932 79.81008333333332 -69.60480555555554 13.281 12.3 0.004 50.28983254995115
HV00953 81.28375000000001 -67.64391666666667 48.048 10.22 0.005 45.15685820292031
HV00955 81.451875 -67.35138888888888 13.7 12.173 0.004 48.41719651283649
HV00971 82.06504166666666 -67.06625 9.297 12.681 0.015 47.344363236142165
HV00997 83.254125 -68.19097222222223 13.145 12.356 0.005 51.25361501218632
HV01002 83.954875 -66.70063888888889 30.472 10.99 0.006 47.638196833567434
HV01003 83.90066666666667 -68.53411111111112 24.339 11.295 0.005 47.25234492954664
HV01005 84.028375 -68.82033333333332 18.716 11.922 0.007 53.013595463837234
HV01006 84.34387500000001 -69.48330555555556 14.217 12.162 0.005 49.36698740292945
HV01013 84.97404166666666 -67.83563888888888 24.131 11.392 0.006 49.13136174119668
HV01019 85.71333333333334 -70.13694444444445 13.659 12.252 0.003 50.111681989722506
HV01023 86.65104166666667 -68.18436111111112 26.559 11.386 0.006 52.20219787813767
HV02244 74.46087500000002 -67.83927777777777 13.977 12.219 0.004 50.11268975761429
HV02251 75.22937499999999 -66.63780555555556 27.887 11.124 0.007 47.785888780826085
HV02257 74.54504166666666 -69.94958333333334 39.395 10.722 0.006 49.90058746829305
HV02260 75.23104166666667 -68.4385 12.987 12.633 0.005 57.76330651411578
HV02262 74.69583333333334 -70.06138888888889 15.832 12.035 0.004 49.99574663762096
HV02270 75.200125 -69.5315 13.625 12.399 0.004 53.53321189474378
HV02279 75.73708333333333 -68.69480555555556 6.895 13.077 0.013 46.627148803919084
HV02282 75.35279166666666 -70.07172222222222 14.677 12.218 0.005 51.73453845793131
HV02291 75.94116666666666 -68.87605555555555 22.317 11.667 0.006 52.95634463332098
HV02294 76.56162499999999 -66.67936111111112 36.552 10.663 0.006 46.21647829809024
HV02324 76.83866666666665 -68.33775 14.466 12.205 0.005 50.93571445995496
HV02337 77.403125 -68.0448611111111 6.863 13.247 0.016 50.26932527352415
HV02338 76.53595833333333 -71.25741666666667 42.2 10.58 0.007 48.91663708606241
HV02339 77.20512500000001 -68.99927777777778 13.88 12.139 0.004 48.078168477256554
HV02352 77.26720833333334 -70.36497222222222 13.632 12.282 0.003 50.742375239556736
HV02369 78.4735 -67.06347222222222 48.377 10.297 0.006 46.99842048536083
HV02405 78.671875 -70.70891666666667 6.924 13.309 0.011 52.02883332454977
HV02432 79.55629166666667 -68.3248611111111 10.918 12.446 0.015 47.252001718705955
HV02447 79.87558333333334 -68.68613888888889 118.35 9.44 0.006 57.22408472023826
HV02463 80.11883333333333 -69.02511111111112 13.965 12.142 0.004 48.33937929857194
HV02527 81.412875 -71.11125 12.95 12.452 0.005 53.04357306627339
HV02538 81.78225 -68.495 13.869 12.246 0.003 50.48010527669381
HV02549 81.751625 -71.64294444444445 16.22 11.885 0.004 47.411710286016564
HV02579 82.31775 -67.47333333333333 13.428 12.121 0.003 46.64886624397198
HV02580 82.357125 -66.23983333333334 16.918 11.879 0.006 48.61657640609881
HV02733 84.32154166666668 -66.75519444444444 8.722 12.887 0.011 49.90399956661519
HV02749 84.81279166666667 -69.3275 23.105 11.625 0.004 53.147444764962565
HV02793 85.45216666666667 -68.68775000000001 19.22 11.734 0.006 49.478638088351104
HV02827 85.94575 -66.58638888888889 78.802 9.744 0.004 50.30259884468876
HV02836 86.29133333333334 -67.38616666666667 17.528 11.988 0.005 52.33061509106218
HV02854 86.912375 -66.96830555555556 8.635 12.81 0.016 47.847214582236845
HV02883 74.111875 -64.69466666666668 108.97 9.953 0.01 68.62262957643864
HV05497 73.91900000000001 -66.42858333333334 99.1 9.345 0.004 48.70840409151356
HV05655 77.77170833333334 -70.50961111111111 14.211 12.308 0.005 52.78559382231096
HV06065 87.73808333333332 -69.67561111111111 6.838 13.301 0.011 51.41088956857239
HV06098 74.437625 -65.70847222222223 24.237 11.224 0.003 45.60552127528905
HV08036 71.40533333333335 -70.25108333333333 28.369 11.329 0.006 53.11540176716711
HV12452 72.2145 -69.35586111111111 8.736 12.837 0.016 48.819790105204035
HV12471 72.7195 -69.31541666666666 15.863 12.178 0.004 53.46810304736581
HV12505 74.485 -68.81558333333334 14.389 12.327 0.005 53.68955953317889
HV12656 87.03020833333332 -71.50625 13.4 12.269 0.002 49.87026691831827
HV12700 89.38145833333334 -67.6253611111111 8.153 12.975 0.011 49.700767216513434
HV12717 70.83675000000001 -69.23005555555555 8.843 12.877 0.015 50.129303675739486
HV12724 71.50458333333333 -69.64816666666667 13.744 12.419 0.004 54.34009739234834
HV12815 82.51050000000001 -65.93416666666667 26.135 11.212 0.006 47.67245527005661
HV12816 82.49258333333333 -65.90547222222223 9.108 12.89 0.011 51.424550248574086
HV13048 87.71058333333333 -67.14247222222222 6.853 13.165 0.011 48.35978260476427
