HV00817 -1.0387823671264933 0.7958333333333201 18.9 12.094 0.024 57.75592515359387
HV00824 -0.43543909712834766 0.11422222222221023 65.9367 10.27 0.029 56.96484365846422
HV00829 -0.16799111698418218 0.07602777777776737 84.3002 9.871 0.031 55.7645078405947
HV00834 0.07333629020576697 0.541499999999985 73.6206 10.139 0.022 57.68461148381295
HV00836 0.24934448964621467 1.2917777777777673 9.4027 13.234 0.073 61.53392329075662
HV00837 0.24647059560723888 0.8444722222222083 42.7469 11.042 0.039 61.03151324484922
HV00840 0.38840825334944373 0.41572222222220034 33.0325 11.392 0.048 60.467788108465776
HV00843 0.43482353497194715 0.37780555555553974 14.7129 12.738 0.04 65.83883004152649
HV00847 0.6342185355296273 0.6301666666666534 27.075 11.782 0.044 63.447464184182394
HV00854 1.0084006474260814 -0.4445277777777932 15.9614 12.518 0.039 62.787115681530935
HV00855 1.0495868083838369 -0.39530555555556646 32.955 11.56 0.04 65.23032977488612
HV00856 1.196889983728821 1.3073055555555442 12.1561 13.062 0.037 67.36991003519607
HV00857 1.050655263386235 -0.9131944444444571 11.9832 12.847 0.092 60.44388080715691
HV00863 2.4972378708977607 -0.9680555555555657 28.9548 11.381 0.046 55.1429048682688
HV00865 3.1914350628184818 -1.6783333333333417 33.3267 11.167 0.048 54.8365693284435
HV01326 -1.3841761465870168 -0.5561944444444578 13.7243 12.926 0.033 68.56595385242676
HV01328 -1.3813887467497374 -0.9933611111111134 15.8371 12.503 0.017 62.03339436944027
HV01333 -1.1547170763669747 -1.1043888888889057 16.2943 12.711 0.032 69.56615661009413
HV01334 -1.1488106793071973 -0.9449722222222334 9.4509 13.221 0.078 61.37377807833428
HV01335 -1.0939374040563004 -1.1125000000000114 14.3807 12.898 0.029 69.81104732715409
HV01338 -1.0079296322115952 -0.9860833333333403 8.4954 13.584 0.086 67.60461592328117
HV01342 -0.9223339101480389 -0.9198055555555698 17.9427 12.511 0.012 67.61929065839699
HV01345 -0.8735065247978733 -0.3920277777777841 13.4782 12.841 0.03 65.14972846210368
HV01351 -0.8281236557074014 -0.6991111111111223 13.0906 12.959 0.018 67.47356488743777
HV01363 -0.7652148228262261 -0.6948333333333494 10.6805 13.237 0.061 67.03548495970735
HV01365 -0.7655392156536414 -0.8998055555555737 12.4128 13.174 0.028 71.92281615080776
HV01372 -0.6843978543113357 -0.4968888888888898 15.7729 12.852 0.042 72.6539309450623
HV01373 -0.6761814545747216 -0.17394444444445867 13.7076 12.858 0.035 66.39859546275306
HV01382 -0.6457737600542633 -0.4121388888889044 10.8828 13.213 0.093 67.12633197587085
HV01400 -0.5503245062031178 0.3754722222222142 6.6482 13.69 0.063 60.363155568502755
HV01430 -0.4082524690289073 -0.1319166666666831 23.9699 12.085 0.046 67.30313683808241
HV01438 -0.3515710545414931 -0.2050000000000125 13.6504 12.762 0.019 63.351678178353474
HV01442 -0.3463979971288328 -0.48163888888889517 15.2881 12.654 0.024 64.96725898834953
HV01451 -0.31328747100770016 -0.3972222222222399 30.073 11.631 0.04 63.44106572475533
HV01478 -0.23251375939745555 -0.48972222222222683 17.5307 12.684 0.038 72.11075941759839
HV01482 -0.2177704361102096 -0.3111388888889053 15.8221 12.601 0.03 64.85648974643203
HV01501 -0.15412081287124785 -0.13063888888889608 27.4122 11.869 0.048 66.58378836681047
HV01522 -0.11222263747693656 -0.3630277777777877 22.151 12.138 0.042 65.45970962653688
HV01533 -0.0796541358634302 -0.19655555555556248 16.4358 12.689 0.035 69.2597482511875
HV01543 -0.06637810315652218 -0.53680555555556 20.4539 12.346 0.042 68.3416053276301
HV01553 -0.050644191323123484 -0.39897222222222695 12.5506 12.994 0.028 66.68635188374498
HV01560 -0.012532378440706274 -0.14155555555556987 15.51 12.594 0.035 63.80173967088632
HV01610 0.1309484515297795 0.4177222222222099 11.643 12.969 0.073 62.73098548111919
HV01630 0.16186602260676947 -0.23686111111112496 11.3986 12.993 0.091 62.54465781657584
HV01682 0.2574314161169265 -0.5585833333333454 12.1472 12.951 0.023 63.98168179673852
HV01689 0.28077682626207007 0.3871944444444324 6.8446 13.359 0.051 52.8362693937597
HV01695 0.29516545157111634 0.5427499999999981 14.5919 12.588 0.03 61.109784432771306
HV01705 0.30437103405118243 -0.04138888888888914 10.7573 13.143 0.069 64.50037045756264
HV01744 0.38053958038828 0.5550277777777666 12.6236 12.791 0.025 60.96805609387014
HV01783 0.47440690363959304 0.9226388888888692 8.1483 13.504 0.078 63.38660729029708
HV01787 0.48848313892440576 0.7661944444444373 16.1926 12.393 0.036 59.841177121909446
HV01835 0.5777815513877885 0.03936111111110563 16.2446 12.51 0.035 63.287917489589304
HV01855 0.6437711464538337 1.02547222222222 6.8399 13.709 0.078 62.04901565511923
HV01873 0.6800245736352769 0.3423611111111029 12.9395 12.889 0.034 64.83355676767104
HV01877 0.6977115172897206 0.7326666666666597 49.7299 10.831 0.034 61.20734589669174
HV01884 0.7046120038243664 0.6315277777777624 18.109 12.302 0.035 61.79023155727161
HV01925 0.7906975858755153 0.2773333333333312 17.1993 12.28 0.018 59.117998519318796
HV01950 0.8528701942706387 0.9550555555555462 7.9896 13.322 0.066 57.53731007980442
HV01954 0.858859706528516 0.5953055555555409 16.6917 12.147 0.016 54.51517081710694
HV01956 0.8531404209384339 0.07299999999999329 208.7992 9.454 0.059 83.83101078089791
HV01967 0.9007339794410442 0.8190555555555505 29.0804 11.626 0.04 61.905975082297346
HV01996 0.9693291612311035 -0.016166666666677543 14.2406 12.915 0.034 69.90575071112252
HV02017 1.0531582298520692 0.9369722222222094 11.4092 12.905 0.103 60.09760069170511
HV02052 1.120114276612671 -0.22888888888888914 12.5771 12.662 0.029 57.31161356331364
HV02060 1.1571359111898587 0.547027777777771 10.1839 12.828 0.051 53.80626177557553
HV02063 1.1711704672224923 1.0379166666666606 11.1662 12.926 0.082 59.82394547896134
HV02064 1.159827402355122 0.3068611111111039 33.6746 11.548 0.042 65.8040126381473
HV02088 1.253704769919381 1.4132222222222026 14.5801 12.762 0.042 66.17263739754638
HV02103 1.26208325324782 -0.3482222222222333 8.9852 13.319 0.071 62.09727567404278
HV02189 1.559644531457784 0.35574999999998624 13.4698 12.722 0.032 61.65007235392634
HV02195 1.618009161494454 0.163722222222205 41.8188 10.994 0.027 58.83704864785315
HV02201 1.6755028796181164 0.8660277777777594 11.2511 12.747 0.068 55.36688927959716
HV02202 1.678124690098993 0.1329722222222074 13.1904 12.595 0.029 57.34751015364698
HV02205 1.697681245454944 -0.8910000000000053 25.4266 11.876 0.048 63.55893594750127
HV02209 1.7718139806494795 -0.7950555555555638 22.65 11.788 0.018 56.541991117740636
HV02225 2.14551716570933 -1.4519444444444503 13.1546 12.71 0.03 60.35790261952103
HV02227 2.287511616988811 -1.3058611111111276 12.466 12.79 0.031 60.43586931694723
HV02229 2.3914645149848957 -0.9903055555555653 10.4488 12.862 0.09 55.59128520799112
HV02230 2.613407490136403 0.014166666666653782 12.5275 12.67 0.025 57.37305143574844
HV02231 2.7050229170614664 -0.48277777777778397 36.6909 11.234 0.029 60.26789053774543
HV10355 -0.2661986143268514 -0.241222222222234 10.0392 13.337 0.067 67.37882746777073
HV10366 0.82810309631672 -1.3794444444444594 14.1372 12.591 0.018 59.92668875212279
HV11112 -1.9797710276863472 -1.1120277777777972 6.6914 13.875 0.047 66.0133595042749
HV11116 -0.5520091394036141 -0.4791666666666714 10.4855 13.324 0.078 68.93083547716252
HV11129 -0.3418117943683781 -0.04533333333333189 24.4817 12.152 0.045 70.38855460241766
HV11157 0.015545101094191107 0.9110277777777611 68.9875 10.501 0.019 65.28223179341062
HV11182 0.3708178574027072 0.7583055555555518 39.1953 11.343 0.033 66.19822064198618
HV11211 6.406452442508025 -0.25694444444444287 21.39 11.786 0.046 54.39204290707572
HV12108 0.08675650792814468 0.3763055555555468 15.612 12.495 0.024 61.223025606435485
HV12951 1.1655049587216817 0.3254166666666549 30.0116 11.735 0.034 66.46355783642088
HV00872 23.211218290432708 5.353666666666655 29.82 11.32 0.005 54.66941806075449
HV00873 19.76704552069642 1.9269722222222043 34.426 10.872 0.006 48.90906904830428
HV00875 21.457181108537977 3.4483333333333235 30.338 11.094 0.003 49.82987174440597
HV00876 23.504675054312873 5.447055555555551 22.716 11.558 0.006 50.95732548834318
HV00877 22.881922588374938 4.833333333333329 45.155 10.701 0.004 54.086827180286924
HV00878 20.99939524972317 2.8702499999999844 23.306 11.531 0.007 51.18817795387345
HV00879 21.526225257081926 3.374194444444427 36.84 10.923 0.007 52.36613653685687
HV00881 20.667544654873662 2.4824722222222135 35.74 10.945 0.007 51.84964500086199
HV00882 21.663780456865215 3.372611111111098 31.786 11.07 0.006 50.82511421114746
HV00883 22.716418538773503 4.378555555555536 133.4 9.523 0.011 64.35066429682162
HV00885 22.416580171609084 3.9245277777777687 20.703 11.368 0.003 43.90977443570329
HV00886 25.229898493954632 6.597944444444437 23.983 11.346 0.006 47.90625249213447
HV00887 21.7967583961166 3.2888333333333293 14.486 12.113 0.004 48.86738904396862
HV00889 22.56199813598436 3.894999999999982 25.797 11.374 0.006 50.92482643254569
HV00891 22.505927609296247 3.8022499999999866 17.272 11.861 0.005 48.879971780928365
HV00892 22.819686522036708 4.1004999999999825 15.99 12.185 0.006 53.92431093452619
HV00893 22.58283660126636 3.724333333333334 21.115 11.638 0.006 50.37552971324882
HV00899 22.906033886102108 3.9402499999999776 31.047 11.132 0.007 51.49005871600581
HV00900 21.683738929913964 2.7916388888888832 47.515 10.51 0.006 51.22954292276755
HV00901 22.585482344665845 3.582333333333324 18.47 11.989 0.006 54.19858038320948
HV00902 21.2932980714548 2.3743055555555372 26.34 11.269 0.006 49.193887943515286
HV00904 23.12470401716076 4.049138888888876 30.405 11.174 0.007 51.77537333423251
HV00909 21.45736033867468 2.371111111111105 37.566 10.795 0.005 50.00972008271451
HV00911 22.956219636446335 3.690555555555534 13.915 12.29 0.005 51.626311666195164
HV00914 23.188484100859423 3.7263055555555553 6.879 13.122 0.011 47.53042904835482
HV00932 23.21782323646795 3.2238055555555576 13.281 12.3 0.004 50.28983254995115
HV00953 25.901516170716206 5.184694444444432 48.048 10.22 0.005 45.15685820292031
HV00955 26.28746115357343 5.477222222222224 13.7 12.173 0.004 48.41719651283649
HV00971 26.839595697264418 5.762361111111105 9.297 12.681 0.015 47.344363236142165
HV00997 26.031050634487354 4.637638888888873 13.145 12.356 0.005 51.25361501218632
HV01002 27.991321768123562 6.127972222222212 30.472 10.99 0.006 47.638196833567434
HV01003 25.877592888164532 4.294499999999985 24.339 11.295 0.005 47.25234492954664
HV01005 25.594661563335176 4.008277777777778 18.716 11.922 0.007 53.013595463837234
HV01006 24.939198826987948 3.345305555555541 14.217 12.162 0.005 49.36698740292945
HV01013 27.08285020941089 4.992972222222221 24.131 11.392 0.006 49.13136174119668
HV01019 24.64261614247578 2.6916666666666487 13.659 12.252 0.003 50.111681989722506
HV01023 27.300923015991668 4.644249999999985 26.559 11.386 0.006 52.20219787813767
HV02244 23.112998368199015 4.9893333333333345 13.977 12.219 0.004 50.11268975761429
HV02251 24.602554593150717 6.190805555555542 27.887 11.124 0.007 47.785888780826085
HV02257 21.03652748920698 2.8790277777777646 39.395 10.722 0.006 49.90058746829305
HV02260 22.80128948931165 4.390111111111096 12.987 12.633 0.005 57.76330651411578
HV02262 20.975433116474818 2.767222222222216 15.832 12.035 0.004 49.99574663762096
HV02270 21.68563296390867 3.297111111111107 13.625 12.399 0.004 53.53321189474378
HV02279 22.726799190578415 4.13380555555554 6.895 13.077 0.013 46.627148803919084
HV02282 21.188924528178166 2.7568888888888807 14.677 12.218 0.005 51.73453845793131
HV02291 22.615885076544643 3.9525555555555485 22.317 11.667 0.006 52.95634463332098
HV02294 25.088645062979595 6.149249999999981 36.552 10.663 0.006 46.21647829809024
HV02324 23.49614964676492 4.490861111111101 14.466 12.205 0.005 50.93571445995496
HV02337 24.009282688111995 4.783749999999998 6.863 13.247 0.016 50.26932527352415
HV02338 20.355197192015137 1.57119444444443 42.2 10.58 0.007 48.91663708606241
HV02339 22.9429170086667 3.8293333333333237 13.88 12.139 0.004 48.078168477256554
HV02352 21.53281997915224 2.4636388888888803 13.632 12.282 0.003 50.742375239556736
HV02369 25.44300718184919 5.765138888888885 48.377 10.297 0.006 46.99842048536083
HV02405 21.634185186660645 2.119694444444434 6.924 13.309 0.011 52.02883332454977
HV02432 24.513193851857558 4.503749999999997 10.918 12.446 0.015 47.252001718705955
HV02447 24.239861786123715 4.14247222222221 118.35 9.44 0.006 57.22408472023826
HV02463 23.95895494124144 3.8034999999999854 13.965 12.142 0.004 48.33937929857194
HV02527 22.086982896668196 1.717361111111103 12.95 12.452 0.005 53.04357306627339
HV02538 25.145934910736038 4.333611111111097 13.869 12.246 0.003 50.48010527669381
HV02549 21.593693360162057 1.1856666666666484 16.22 11.885 0.004 47.411710286016564
HV02579 26.485043272744416 5.355277777777772 13.428 12.121 0.003 46.64886624397198
HV02580 27.869406978138922 6.588777777777764 16.918 11.879 0.006 48.61657640609881
HV02733 28.07412939001738 6.07341666666666 8.722 12.887 0.011 49.90399956661519
HV02749 25.285871667593764 3.5011111111111006 23.105 11.625 0.004 53.147444764962565
HV02793 26.26492635493469 4.140861111111093 19.22 11.734 0.006 49.478638088351104
HV02827 28.911978633788575 6.24222222222221 78.802 9.744 0.004 50.30259884468876
HV02836 28.110075478589813 5.442444444444433 17.528 11.988 0.005 52.33061509106218
HV02854 28.8444657813832 5.8603055555555414 8.635 12.81 0.016 47.847214582236845
HV02883 26.041993958120123 8.133944444444424 108.97 9.953 0.01 68.62262957643864
HV05497 24.28636415241186 6.400027777777765 99.1 9.345 0.004 48.70840409151356
HV05655 21.548717170292946 2.3189999999999884 14.211 12.308 0.005 52.78559382231096
HV06065 25.89430497221722 3.1529999999999916 6.838 13.301 0.011 51.41088956857239
HV06098 25.197393916156994 7.120138888888874 24.237 11.224 0.003 45.60552127528905
HV08036 19.67202473242006 2.5775277777777745 28.369 11.329 0.006 53.11540176716711
HV12452 20.811009646075348 3.4727499999999907 8.736 12.837 0.016 48.819790105204035
HV12471 21.028373702230947 3.513194444444437 15.863 12.178 0.004 53.46810304736581
HV12505 22.151438963091124 4.013027777777765 14.389 12.327 0.005 53.68955953317889
HV12656 23.423260653189057 1.3223611111111069 13.4 12.269 0.002 49.87026691831827
HV12700 29.004393415847755 5.203249999999997 8.153 12.975 0.011 49.700767216513434
HV12717 20.443672711155983 3.5985555555555493 8.843 12.877 0.015 50.129303675739486
HV12724 20.282037296427465 3.180444444444433 13.744 12.419 0.004 54.34009739234834
HV12815 28.26929187335426 6.8944444444444315 26.135 11.212 0.006 47.67245527005661
HV12816 28.293674416498117 6.923138888888872 9.108 12.89 0.011 51.424550248574086
HV13048 28.94814373505687 5.686138888888877 6.853 13.165 0.011 48.35978260476427
