HV00817	00 39 16.6	-72 01 58
HV00824	00 46 53.09	-72 42 51.8
HV00829	00 50 28.82	-72 45 09.3
HV00834	00 53 42.65	-72 17 13.6
HV00836	00 55 53.76	-71 32 12.6
HV00837	00 55 56.06	-71 59 02.9
HV00840	00 57 53.31	-72 24 46.4
HV00843	00 58 30.90	-72 27 02.9
HV00847	01 01 02.68	-72 11 54.4
HV00854	01 06 45.69	-73 16 23.3
HV00855	01 07 17.54	-73 13 26.1
HV00856	01 07 51.10	-71 31 16.7
HV00857	01 07 45.47	-73 44 30.5
HV00863	01 28 32.6	-73 47 48
HV00865	01 40 32.2	-74 30 25
HV01326	00 33 23.02	-73 23 05.3
HV01328	00 32 54.90	-73 49 19.1
HV01333	00 36 03.46	-73 55 58.8
HV01334	00 36 18.11	-73 46 24.9
HV01335	00 36 55.70	-73 56 28.0
HV01338	00 38 16.97	-73 48 52.9
HV01342	00 39 33.82	-73 44 54.3
HV01345	00 40 38.61	-73 13 14.3
HV01351	00 41 03.87	-73 31 39.8
HV01363	00 41 57.28	-73 31 24.4
HV01365	00 41 49.07	-73 43 42.3
HV01372	00 43 12.35	-73 19 31.8
HV01373	00 43 29.66	-73 00 09.2
HV01382	00 43 47.31	-73 14 26.7
HV01400	00 45 26.71	-72 27 11.3
HV01430	00 47 10.43	-72 57 37.9
HV01438	00 47 55.65	-73 02 01.0
HV01442	00 47 55.32	-73 18 36.9
HV01451	00 48 24.27	-73 13 33.0
HV01478	00 49 30.40	-73 19 06.0
HV01482	00 49 44.60	-73 08 23.1
HV01501	00 50 38.58	-72 57 33.3
HV01522	00 51 11.66	-73 11 29.9
HV01533	00 51 39.32	-73 01 30.6
HV01543	00 51 49.15	-73 21 55.5
HV01553	00 52 02.68	-73 13 39.3
HV01560	00 52 34.53	-72 58 12.6
HV01610	00 54 28.80	-72 24 39.2
HV01630	00 54 58.17	-73 03 55.7
HV01682	00 56 20.90	-73 23 13.9
HV01689	00 56 28.17	-72 26 29.1
HV01695	00 56 37.62	-72 17 09.1
HV01705	00 56 52.81	-72 52 12.0
HV01744	00 57 44.76	-72 16 24.9
HV01783	00 58 51.40	-71 54 21.5
HV01787	00 59 05.46	-72 03 44.7
HV01835	01 00 33.45	-72 47 21.3
HV01855	01 00 59.56	-71 48 11.3
HV01873	01 01 47.13	-72 29 10.5
HV01877	01 01 49.49	-72 05 45.4
HV01884	01 01 57.90	-72 11 49.5
HV01925	01 03 17.67	-72 33 04.6
HV01950	01 03 42.72	-71 52 24.8
HV01954	01 04 00.31	-72 13 59.9
HV01956	01 04 15.49	-72 45 20.2
HV01967	01 04 24.72	-72 00 34.4
HV01996	01 05 53.51	-72 50 41.2
HV02017	01 06 18.01	-71 53 29.9
HV02052	01 08 07.30	-73 03 27.0
HV02060	01 07 57.31	-72 16 53.7
HV02063	01 07 44.29	-71 47 26.5
HV02064	01 08 11.60	-72 31 18.3
HV02088	01 08 28.90	-71 24 55.4
HV02103	01 10 11.38	-73 10 36.6
HV02189	01 13 27.72	-72 28 22.3
HV02195	01 14 28.07	-72 39 53.6
HV02201	01 14 23.48	-71 57 45.3
HV02202	01 15 18.82	-72 41 44.3
HV02205	01 16 58.20	-73 43 10.6
HV02209	01 17 53.02	-73 37 25.2
HV02225	01 24 25.4	-74 16 50
HV02227	01 26 13.00	-74 08 04.1
HV02229	01 27 04.38	-73 49 08.1
HV02230	01 28 07.6	-72 48 52
HV02231	01 30 25.5	-73 18 41
HV10355	00 49 05.41	-73 04 11.4
HV10366	01 04 55.09	-74 12 29.0
HV11112	00 24 07.20	-73 56 26.3
HV11116	00 45 03.56	-73 18 28.0
HV11129	00 48 06.22	-72 52 26.2
HV11157	00 52 56.82	-71 55 03.3
HV11182	00 57 33.89	-72 04 13.1
HV11211	02 20 49.5	-73 05 08
HV12108	00 53 53.86	-72 27 08.3
HV12951	01 08 15.18	-72 30 11.5
